K
10 20 30 40 50 60 70 80 90 
100 200 300 400 500 600 700 800 900 
1000 2000 3000 4000 5000 6000 7000 8000 9000 
PQ
171 176 186 200 165 182 196 199 203 
201 204 226 232 221 260 267 301 277 
301 441 449 544 563 594 653 664 673 
BS
1047 989 1007 963 946 1023 1006 976 924 
993 952 978 927 968 1031 1055 1013 1100 
959 1125 1100 1133 1170 1208 1368 1322 1455
TKU
36156 46476 42548 47256 40313 53148 37394 40983 44981 
45356 45311 44257 45978 48206 39993 44642 42249 55352 
59259 76484 58755 60605 91637 96147 105468 63765 68091 
